Hamming: 0.009803921568627416
MLIPNS: 0
JaroWinkler: 0.6632832043969176
Jaro: 0.6632832043969176
StrCmp95: 0.3234686953105469
Jaccard: 0.5354330708661418
Sorensen: 0.6974358974358974
Tversky: 0.5354330708661418
Overlap: 0.7954545454545454
Cosine: 0.7133826560826664
RatcliffObershelp: 0.37575757575757573
EntropyNCD: 0.9406807908043969
BZ2NCD: 0.34426229508196726
LZMANCD: 0.5211267605633803
ZLIBNCD: 0.3595505617977528
Prefix: 0
Postfix: 0
NormalizedLevenshtein: 0.19402985074626866
MetricLCS: 0.6428571428571428
NGram: 0.8208955223880597